1806 804 102 1101 1704 224 426 3109 902 9 3309 307 3 437 325 2 1143 1628 12 303 1229 1330 1235 507 1031 1821 47 1001 334 2162 1441 1261 427 420 715 1442 1337 764 240 828 519 825 2259 740 527 2252 247 149 131 2546 57 2260 261 50 2843 358 160 2243 3141 1558 1176 959 1660 1565 144 555 66 1177 154 356 71 472 173 680 672 179 777 881 481 75 995 68 793 695 86 386 88 89 483 1693 1397 1198 491 2190 1699 2086 500 196 879 699 
313 201 2608 925 725 904 905 1015 1408 1904 308 424 1407 3002 517 216 1030 1327 412 1436 31 1120 1316 143 1822 932 2426 1034 536 29 1523 1222 2362 1346 1016 1258 832 423 1135 336 2438 1236 1040 53 1936 27 256 2249 1037 2844 54 435 660 2351 60 1159 2542 265 465 3044 964 1158 48 1472 669 1961 753 1562 874 1392 1555 873 1071 1377 78 371 668 1793 375 1182 2578 1084 269 1987 285 1791 876 475 183 82 292 96 1889 1196 800 184 388 2998 3095 95 
1403 8 203 803 1614 1206 1513 1004 2004 809 1311 306 2807 103 1115 921 1421 207 326 132 2130 104 630 317 1538 142 1139 601 1131 1625 1424 1336 21 1125 434 958 838 1046 1136 1734 461 625 941 1751 1026 52 264 249 250 450 762 2650 540 145 449 355 262 1161 369 860 862 62 359 556 257 476 353 776 866 177 755 1855 571 172 1067 373 667 1991 176 170 1199 790 1391 278 1373 76 775 595 1891 789 687 2089 487 1394 590 1272 384 996 1600 799 
111 1512 119 608 1107 1110 225 1 1010 906 3111 822 926 1313 5 431 16 526 1439 827 2427 931 1335 1634 1631 1748 1428 1521 421 635 228 1446 2058 1632 123 617 1458 626 20 227 156 747 1367 59 1955 157 452 548 350 751 349 444 628 332 135 1560 460 1063 1167 377 1060 1371 167 346 1188 266 1179 275 754 379 682 572 81 1467 1874 270 1972 169 1973 84 1374 1275 585 87 287 1587 690 1993 999 1172 1887 2599 692 2492 1387 485 2291 83 2591 479 
930 616 2407 621 403 610 115 1504 209 1501 2814 310 407 410 429 835 1834 140 1837 1935 1333 831 727 1122 153 7 730 1233 1920 1922 1323 1340 343 127 2135 118 2043 545 2359 37 146 340 661 1836 2467 759 248 748 258 55 2152 451 238 761 1255 330 760 468 1162 2066 1066 956 563 778 279 542 1186 1561 1656 254 181 575 782 1280 74 1382 681 1564 165 1389 1897 771 393 1484 896 298 1077 588 880 700 998 293 1298 1173 93 1378 1597 182 683 2084 
609 2303 829 229 816 1201 917 28 25 309 509 1127 945 1427 1432 320 1534 33 324 6 1011 1227 208 442 705 1402 1919 934 1221 1956 1417 1334 120 445 1130 530 546 524 664 2338 1345 339 623 1241 823 1024 348 544 141 447 43 954 32 3337 658 531 2143 674 1270 1170 877 859 670 164 1963 1375 1386 578 1076 473 678 569 272 58 64 980 175 268 463 2088 492 689 2080 2381 297 493 890 892 1098 385 190 688 586 2298 797 2087 3184 300 2889 598 
10 2601 1119 513 315 1014 529 2702 1809 314 714 1118 220 620 22 1018 417 1325 1612 813 718 706 1020 105 618 226 1027 428 1225 523 1823 535 218 942 1155 2460 1243 2238 736 927 2536 2327 1626 446 1023 361 39 849 51 242 749 1163 1654 365 63 551 457 961 561 1864 756 1765 1868 968 1269 1364 470 885 560 770 67 1653 976 871 666 884 573 284 1466 1589 1265 599 70 785 1697 389 1997 697 1787 1792 395 591 2399 282 1692 85 596 186 2186 1590 
210 418 1113 512 1003 2306 1511 814 2603 26 928 122 126 2911 1002 1425 15 422 520 1104 2419 1149 933 716 2132 532 329 1613 645 1437 734 1117 2128 629 2236 221 1144 2235 1342 40 1059 735 36 1456 38 2168 1329 246 534 137 564 134 863 130 133 2442 955 360 372 271 861 763 2060 1867 1863 1675 178 570 380 1278 774 1079 574 368 1274 583 1000 568 466 1384 883 2082 783 684 796 490 1790 194 289 299 1899 497 2194 986 1094 394 1390 2798 899 1884 
612 2404 24 404 704 1005 3207 506 914 810 2703 719 918 1703 622 632 2521 1017 1735 1219 903 321 1230 107 605 511 230 342 1054 1217 416 338 1420 219 232 214 2134 2124 633 2031 1251 1443 641 525 1651 1853 728 1357 768 344 857 65 259 263 231 758 1165 947 370 1776 61 865 965 1468 867 459 1070 584 467 2064 474 1474 567 1572 972 72 581 171 469 1559 2378 1454 982 1591 686 985 488 92 792 691 1998 396 587 288 193 494 90 283 600 900 
305 518 701 204 2501 1610 304 1111 709 1518 2515 808 806 3021 1148 2123 2116 129 820 502 850 1147 619 639 1022 2133 615 1226 737 14 125 1731 217 136 433 834 2229 23 1141 1234 1142 2037 1133 1641 558 1253 462 640 1254 854 1465 3041 657 364 56 1049 1663 848 166 273 962 2837 2063 1363 1276 1074 566 1669 675 1083 1545 781 1493 1288 486 981 1788 1282 989 69 281 882 2375 888 787 2394 1795 387 991 1398 2100 887 2698 1089 1796 1490 2593 1393 1596 99 
901 213 2512 708 2401 1105 908 1114 1231 1309 1314 812 411 624 1319 614 4 717 651 1914 510 845 2409 1411 1123 2120 1112 1404 1237 1934 543 1224 121 341 244 648 538 18 2323 663 345 1047 46 1240 1129 1028 162 649 1156 951 742 1061 731 1249 745 1175 1268 1571 652 969 158 2648 2171 1081 2275 1463 1080 362 260 1659 381 576 665 1055 671 180 1673 582 277 2585 1482 174 1289 4085 594 295 195 398 397 2596 1095 1800 994 1097 1293 788 1295 1195 286 3400 
333 1209 2405 1604 533 17 1128 2018 910 2202 712 4811 1812 907 323 1525 3019 2422 2413 916 2121 819 1050 215 2032 35 1623 2435 42 1650 847 1921 743 253 2231 726 245 138 2939 1032 233 455 840 1239 3343 949 757 851 337 41 45 1151 973 767 957 357 2342 1362 1068 966 1664 1260 559 766 654 662 1285 765 971 1351 878 677 1370 577 1400 1171 367 984 2198 1263 1556 1290 294 94 1085 1284 2199 400 2099 290 2697 390 2196 1299 1287 1581 189 1678 496 3000 
406 2815 501 1216 1531 711 1509 2716 2206 1802 1803 2029 1717 650 707 807 110 1514 613 2720 351 2036 1448 920 117 1232 1051 554 643 2040 2026 331 1019 627 937 2237 2030 1138 839 1042 940 659 836 49 1256 1431 234 436 251 255 837 1262 1166 1257 1762 2742 1132 1847 1164 2380 2180 858 464 2228 2067 1369 2569 2155 1563 875 974 163 1174 1489 2074 1379 1859 1461 891 1687 2000 100 1586 2579 1999 191 2398 2397 1200 197 2300 1193 3299 2294 795 1396 1297 1992 1895 2499 
2301 430 3106 603 316 2910 2211 1006 1012 2005 2008 19 1721 1720 607 1324 1526 811 1302 1522 453 1405 1053 2027 2034 1228 1535 1211 1528 1415 1102 328 235 139 547 1726 953 1039 1643 1349 750 557 1639 34 1154 456 1048 1044 1440 830 2936 537 1469 1533 471 1271 1358 2023 2547 2045 1160 2481 2279 1348 864 868 2278 779 2068 1770 2173 267 562 3072 3078 2576 1592 1497 3590 1585 477 2387 1181 597 1281 1086 786 482 484 1690 1192 2800 1187 185 1296 1779 2699 188 1990 889 
101 815 1507 503 3704 2203 1508 4512 311 2105 2221 1007 2805 1215 606 1218 713 1025 318 2817 739 114 1817 1902 1527 2332 352 2633 1536 1627 222 522 653 1248 846 2443 744 252 1033 2638 2329 656 4039 637 1246 1750 2166 634 2735 1957 1742 1958 1273 159 853 1567 1477 2055 1360 2230 2748 1328 478 378 2549 2651 2065 2167 161 2973 979 1544 1264 3178 1498 1784 1674 2092 1995 1578 3695 1996 1300 4381 98 2396 997 2091 4876 2095 2395 1691 1092 91 1583 2598 1494 498 499 1381 
1303 4006 1109 1502 401 2505 702 1932 2518 1307 2214 405 1711 1430 1422 1715 1815 327 1722 1519 826 1520 1419 2022 2207 2234 1622 2632 1723 448 1052 943 841 1924 541 1310 354 1551 1831 2937 1447 856 2534 2634 852 2053 2456 1449 642 1455 963 236 1072 960 2842 1844 752 2262 1756 366 978 1757 1361 2452 1372 280 363 1873 1862 1978 1575 1595 1064 1471 975 1582 1677 1579 1478 1479 97 2589 1279 1688 2592 1584 192 199 1894 2097 685 1882 1189 187 296 1087 1483 1599 1786 2293 
1205 3011 504 4612 2007 1808 2406 505 2402 1724 1907 1825 2325 5107 1818 508 2119 1317 1304 1620 844 514 611 516 1126 2028 946 919 1530 2432 1552 155 44 2241 644 2525 1637 1250 646 458 3650 3149 1747 855 4142 2656 539 3645 631 1649 1134 2244 2046 2370 869 1150 1452 1457 1755 2141 2161 1861 1754 1665 1065 870 77 772 1865 1857 1772 1646 1746 2575 2183 1078 2383 977 3096 2692 3786 3880 3890 399 2779 4877 3486 1797 987 1789 1100 3195 798 2690 2195 2389 1888 2188 1088 990 
3213 3914 2714 2904 1908 2607 2213 1609 1516 1410 1905 1926 1615 1009 1210 1617 1718 1618 237 1414 4309 124 1814 948 817 2410 2636 2239 432 2429 2126 2333 1640 2125 2339 2741 638 1029 1833 3251 938 3438 3147 1252 3238 3038 3642 1949 1056 1450 3639 2258 1761 2661 347 2468 2165 1959 2041 2051 1760 1633 1858 1365 1366 2368 967 2769 2975 2072 1764 1645 1658 1576 1577 1574 2496 1277 2296 1781 3991 1798 2996 3192 1685 3383 2880 1694 2182 2480 2280 383 1594 1890 2200 2693 3798 1500 3592 1799 
602 703 3104 2711 3102 2924 202 2122 2012 3607 2812 2315 1321 1322 1318 1515 4407 2025 909 2321 1621 4204 1021 13 425 335 2529 413 1728 2726 1642 1540 147 1244 128 733 1038 2743 2838 1841 550 3349 1245 454 2854 3434 3046 2154 1828 1137 1943 2139 1759 1475 2059 2057 1843 2261 1569 2373 1062 2365 2477 1655 168 679 1168 1769 1266 1971 1670 1480 1580 2285 1877 2577 2177 2878 1981 2096 3393 1486 3084 1388 2094 2700 1893 1695 2787 2791 1491 2792 1286 3297 1896 1593 3495 2900 992 589 
1909 3022 3320 1810 2014 1503 3616 1706 1709 5009 1710 5106 1008 1801 1913 3604 1716 116 2225 2118 2318 2622 1725 911 1213 1223 724 1832 913 30 935 729 2337 732 2430 1140 438 1339 2639 2042 3634 746 1043 3744 1354 2646 3237 1157 2759 1057 2151 2164 2749 1344 2659 2940 1359 1180 2160 1969 2573 2255 2187 3355 2070 376 580 1566 1570 1283 3076 2778 1960 1974 983 3073 1980 2600 1481 1778 1184 4097 3196 4175 2790 886 198 2588 693 1194 4283 1783 2299 1496 1696 2189 2085 2390 2696 2895 
2314 2912 3205 2818 2713 3409 3201 409 3206 4914 1418 2013 5004 415 4714 2115 1146 2304 1619 1517 1308 2224 1326 4702 319 1426 2516 1944 1730 1630 1736 1738 223 1835 2344 2543 2433 2335 4238 239 152 655 2848 3244 2439 1557 1846 1353 1652 1952 2156 4236 2350 3248 2247 2254 1941 1376 1075 1966 1058 2471 2093 1975 2157 1672 3459 1473 1680 3884 1682 2478 2384 1460 1775 1879 2484 2175 2796 3596 2770 1573 3699 2386 3100 2678 1782 4581 2482 2292 1988 1190 2793 3293 4499 1598 1191 2898 4595 2193 
3812 2019 3417 2302 3916 4905 1805 3009 5114 106 4809 3619 2522 419 821 4009 1601 443 1824 1807 2106 912 2408 1013 1331 5001 1433 1939 1435 2242 936 1925 1541 721 1929 2341 2448 1945 1341 1638 2740 2544 2746 2739 3233 3162 3240 3738 4339 3643 1444 4333 2354 3948 2644 3546 2062 2948 2172 2776 2366 2191 274 2061 565 2276 3055 2872 2265 2069 1459 3680 2071 4573 1880 2977 2079 3478 2682 2273 3783 1881 2281 495 200 3183 3700 1689 2181 3686 1698 1385 1794 791 3885 4900 1096 2098 4596 4296 
2905 206 3120 408 3004 3418 211 802 212 1121 2010 3912 818 3322 2310 2218 2324 1203 1918 2416 521 2223 2024 150 1727 3040 1938 1315 1429 312 1729 552 922 1338 929 528 3351 1539 1758 952 3037 3326 2652 2352 2737 1657 2146 4341 4535 2049 1854 3357 2349 2056 2754 2355 2257 1968 2263 1259 1954 79 4464 769 2774 1860 3661 1982 2584 1684 2877 1662 2785 4274 2881 2474 1985 1380 2568 2376 2176 1183 3300 3498 2781 3969 3782 3780 1898 3081 3387 2498 1700 2788 2994 4698 4794 1292 2594 4498 
2724 3902 1915 1608 302 108 805 1701 1212 3507 109 1603 1916 722 2320 3211 1106 2001 5010 148 1207 2519 4901 3514 3731 3137 1434 923 1819 824 1220 2933 3549 723 3413 3508 1842 939 1438 2831 2640 1355 1347 1740 3834 3542 1839 3354 3933 2853 3347 1953 3848 2145 1849 2250 2356 2269 2971 1830 1356 1666 3068 2192 2671 3453 374 1661 2464 2574 1773 1476 1487 2076 2277 3887 1383 1780 1883 2582 2795 2073 2668 3287 2897 3087 676 4385 3487 2580 3396 5296 489 3197 2197 1090 3589 4295 794 2500 
2811 2112 3415 402 2614 2016 3123 1510 3223 1312 301 3221 2021 5012 5011 924 2823 3502 2514 1406 2216 151 3012 1635 515 3416 1332 4001 2140 4104 549 3028 1624 3849 842 2556 2925 3732 441 2330 2738 4440 3837 1524 1152 2246 1547 3852 1145 2453 2044 2954 2256 1546 2550 2840 4560 2075 4263 2969 2475 3967 2669 480 2289 2470 2493 2270 3271 2400 2694 1774 2673 1878 4273 3488 2077 4089 4772 2284 1681 3469 3377 3471 895 4284 3399 3679 3187 4281 988 993 3492 391 1499 2392 1492 893 2295 1093 
3513 4016 2020 1719 4203 2107 604 2414 801 3412 112 1103 2715 5105 1605 322 2113 1714 3825 2006 1108 3114 2920 1208 2210 720 3235 1708 4507 3234 1035 3048 5025 1036 1827 2630 2731 1852 2850 1352 3033 4134 3230 4035 3036 944 4334 3550 3139 1856 1947 2654 3547 2353 2248 4760 2374 3061 2379 2267 1453 2662 3455 3278 1768 4375 2483 1368 4178 3265 1464 2472 3653 2863 1676 2689 3677 3472 2385 1994 2983 2486 3787 3672 1875 3667 3795 3989 3280 3083 1986 3296 2290 2688 3585 593 694 2497 894 3500 
2504 2907 4504 3216 2806 1811 2802 4405 1820 3302 3719 3426 1409 3429 5115 2915 2415 2706 2629 3722 1611 4021 3620 4033 2510 3142 4907 1537 4108 2930 1829 113 1124 3053 4711 4005 2653 2357 2428 2751 3724 553 1940 1752 3750 1950 2946 1743 3538 1923 1247 2047 2251 3039 4561 3370 2976 3570 4959 2560 3071 2767 3268 2479 276 3281 1568 3466 2169 1667 1671 4172 4477 3774 2393 2174 2695 1983 3381 4777 4975 3869 2565 780 3883 784 3888 3995 3199 2879 5188 2597 3088 2890 5387 392 2490 2495 3485 2981 
2809 2810 2114 4904 2708 2009 2219 3408 3204 3521 1505 3113 2813 414 3024 2613 3126 2819 2111 2526 1813 2913 1301 3433 243 950 3432 3822 4329 3025 2927 3446 1733 4304 3505 2736 4135 4536 3045 4015 2528 1045 2932 1423 3737 2153 1942 3749 2953 1445 2849 2436 2642 3949 1548 2240 2159 2458 2561 1153 2664 2974 2382 4657 3857 4056 2780 3862 2870 3877 1178 2772 2494 2864 3756 2283 2677 3669 3860 4874 3582 3467 1785 2685 1091 4071 3097 3986 3180 3099 1197 2684 5196 2686 897 2894 291 2991 382 2799 
3710 11 3703 5719 1616 3316 2701 1917 2011 2003 2109 3304 1214 2212 2319 3425 3423 2511 4120 3227 3117 4020 3116 3112 440 1816 1320 2928 3049 2137 2343 3130 3517 4623 1928 2535 4314 2532 3042 3824 1840 1116 2830 2144 3545 4830 2832 3544 1644 3635 2935 2649 3051 2440 2641 2635 1767 1850 3060 4758 2461 2667 2765 2865 1267 1169 2297 2867 1777 2972 3267 2372 2771 3368 3476 3176 1885 3253 2866 3389 4092 3766 2170 3972 4168 3470 4288 1977 3576 3190 3092 2990 1900 2993 1082 2984 3684 80 3781 2985 
5822 2517 3714 2420 2411 3405 4406 4821 1306 1911 3816 2803 4715 5214 4115 2816 2204 3001 1413 4219 2520 3007 3015 1401 3530 647 3017 4526 241 2733 2934 2245 833 2533 1930 1732 2551 3317 2945 1451 3135 2050 3736 2941 2647 2747 3059 2951 1749 2949 4151 2745 3160 1543 1948 2861 2763 3062 2358 2367 3166 673 3376 3384 4462 3567 4357 4857 3578 4181 1970 2369 2674 2681 3075 5986 2271 5684 3380 2179 3988 1876 3463 4091 2487 2876 3775 1291 2999 3093 2282 2476 2680 3193 4486 696 3696 2590 3094 4300 
2616 3118 4515 2611 2217 2215 4114 5111 1305 4109 4205 4301 3119 3618 5209 3105 1712 4010 2824 3709 2917 3721 2916 2431 4631 2729 2721 2730 4934 2232 3224 2138 2527 3132 2131 4513 3315 1937 915 3250 2054 3335 3452 1350 3541 3360 3751 2441 2835 2437 1933 2960 2457 1766 2563 2537 2459 2364 2663 1962 1462 3555 3167 4261 3077 4854 3266 2761 4782 5185 1470 1668 5583 3871 3963 3175 2676 3269 1984 2587 2078 4185 1679 2675 3789 2784 3767 3382 4500 2083 3896 73 4196 1294 4484 5191 2886 579 592 3288 
2316 2208 1912 3819 3212 2914 2201 2205 3407 4102 4011 2506 4710 2322 5409 3414 4602 3225 3818 3615 2209 2108 4908 2311 3708 3226 2918 3321 3115 3029 2033 2038 3228 3131 1739 2127 2938 2451 3236 3524 1554 2944 1744 3334 3938 2150 3638 1946 2450 2554 3435 2136 2958 2963 1965 2665 2965 1069 3155 2538 2163 2363 3875 4258 3064 3776 4061 3378 5184 3571 3563 2856 3052 3272 3375 2488 3588 3477 5280 2572 3564 2783 4174 3085 2377 2884 5400 3483 3691 1683 3496 4187 3891 4397 2997 3086 3292 3784 698 3200 
2002 5713 205 5912 2508 3614 3308 2722 4201 1602 2412 3908 3501 4805 2317 4307 3518 3706 5202 3808 5123 1713 3318 2017 4635 2449 2331 2347 3134 4122 2734 2732 1238 3043 1931 2523 1553 1951 1629 4433 1845 3951 3536 4233 3846 4928 3133 2947 2346 2035 3145 3258 2637 1763 2447 3153 2860 2862 872 2264 2566 3058 4271 2968 2956 3359 2666 3365 3159 4290 1976 2962 5090 1771 1871 3462 4080 3688 4358 4885 5483 2992 1886 2288 3484 3575 3385 2896 5295 3295 3793 4888 3898 4297 3794 2691 2794 3282 2891 1495 
3718 2704 1707 6025 3420 2612 1506 5725 3701 3023 3522 3804 4223 2103 4404 2604 2625 3608 3220 2307 5006 3013 3815 1532 3807 5332 843 2919 4634 2828 2942 3720 3219 3830 2445 4530 2446 1826 2454 3440 3442 3356 5329 3660 3740 3339 1647 3448 3646 4048 3937 3257 1838 2142 2957 2334 2643 3031 2834 2851 3056 1964 1073 3956 3457 3362 3276 3369 3765 3373 4860 4572 4474 3174 2979 4668 4084 3189 3859 3186 3864 2789 3372 3474 4672 3966 5786 3595 2391 4589 2892 4193 3194 1395 3497 5899 898 3598 3996 3597 
6021 1607 3310 3504 1705 3611 4808 3523 3214 1606 2220 5203 4502 4706 2418 4911 4310 710 4427 4308 4426 2609 2908 4938 2619 3329 2826 738 741 3018 2825 2326 3222 4330 3931 2541 3826 4414 2227 3915 3352 2052 3030 3158 2645 4038 2340 3136 2531 2444 2631 3451 1745 1866 2360 2766 2845 2268 2966 2964 3858 6564 2755 3363 2758 3177 4352 4757 3367 2557 2764 3968 3394 3673 4988 3090 4200 5293 3586 4160 2485 3785 3587 3790 4666 4993 4495 4798 3796 3398 5594 3098 4588 3591 3388 4986 3800 4393 4599 1099 
1702 4013 1901 4312 2804 3820 2903 3624 2102 3821 3107 2222 3325 2421 3516 1804 3108 5602 3610 3410 3306 4126 2305 3711 439 5334 4410 3528 2922 1343 1636 2718 4828 2839 2846 2623 4232 2628 2129 4338 2348 1927 3934 2728 1550 3458 3461 3443 2836 1741 3551 3652 3454 4149 2466 2961 2553 6555 4247 773 5662 6462 3974 2559 3468 4453 3772 3870 3165 3662 3067 2760 4372 5487 3063 2786 3572 3263 3264 3464 2287 4361 3473 3897 3182 4771 1892 4674 5091 3799 5492 3294 3491 2986 3999 3089 1399 5397 3998 3697 
2313 2909 3613 3307 4402 4505 1202 4708 3601 2309 3020 2104 3122 4816 5403 4113 4025 4119 2226 3421 2829 4315 4736 2015 2627 636 2926 3341 1412 3124 1737 3520 2744 5417 4322 2524 1529 2424 4833 2328 4337 3747 3364 2048 3850 3047 2147 3054 2841 2545 3742 3146 3553 3654 3556 2463 2959 2465 2655 970 4555 4350 5371 3559 3566 3665 3274 4162 3163 2184 3675 4400 5169 1872 2185 4065 3958 3664 3681 2875 2581 3693 2687 4767 2081 1979 3179 3900 4189 3889 5597 5282 4565 5394 4800 5683 5591 5696 4298 3899 
5714 3402 3419 3314 2808 5708 3005 6308 3215 2822 3602 4003 4112 2624 5405 4709 2621 3717 4227 4123 4014 4216 3828 3125 3323 5327 2336 5421 4331 4926 3543 3246 1041 4823 2855 3927 2618 4034 3026 1549 1648 3262 4533 3256 2233 3557 3745 3447 2564 3651 1848 2858 3348 4052 4253 4345 1870 1869 3273 3169 4776 5059 3962 3663 4064 3763 6461 4359 2658 2857 6070 3762 3164 4878 3066 3876 5083 5471 2773 3771 3773 4568 3676 3581 3990 5671 4164 4598 1185 4392 5876 4188 5100 3894 4098 3694 4490 4597 4894 5494 
6209 1204 3810 5314 2509 1903 3705 2921 3910 4815 2423 3515 3715 4111 4804 3606 5036 5034 4030 3218 4019 4045 3730 4106 3441 3511 3726 3129 5032 3330 2539 3630 5535 3016 2626 3245 3842 5130 3449 4625 2756 5235 2149 4145 3150 2148 3161 3255 3035 2345 3853 4250 6052 4150 3157 2158 3270 4449 5248 2660 3057 3170 3764 4054 3957 4663 4166 3465 4662 2462 4978 3866 4383 4670 5275 4778 3371 4869 4574 3479 4785 2883 5292 3674 5575 2090 3481 4783 4491 2178 3992 5197 5096 3289 4786 5193 5595 5896 4094 5585 
2507 2403 4510 5415 4802 2513 4209 4103 4215 3110 3401 3801 4228 4012 3627 3729 5035 4413 3525 3128 3913 3305 3626 3239 2827 4516 3032 5525 2039 1242 3919 5121 2540 4224 2723 3143 3640 3121 4716 3940 5229 4239 4242 3260 3259 1851 3450 2567 2266 3855 2752 2455 3254 4055 2361 4255 4548 5546 6953 3171 3358 4956 2859 3959 4269 3753 4552 4156 2555 4463 4087 4066 4374 4577 2670 5066 4871 5194 3562 5582 2987 3188 5993 1686 2873 3689 4387 1588 4286 5300 2989 4587 3593 3489 4367 3494 5291 4494 4795 5784 
3723 2709 6009 2101 4411 3806 2503 4207 3924 5808 3809 3103 2712 3811 5109 5015 5406 5411 3941 4408 3641 3904 5505 3529 5617 4929 4520 3533 5137 3436 5217 1910 4323 4925 5225 4834 4726 2548 4918 5529 5528 5234 4729 3340 3460 5038 3647 1753 4836 6151 1967 4152 4053 4447 4559 4850 5045 4259 2775 4354 2874 4557 3754 4158 5573 4155 3961 1485 4867 4970 6270 4465 4967 5678 4183 4460 4468 4584 5674 4686 5173 4299 3692 5781 4683 5183 5098 2887 3185 3490 3993 4899 3882 4590 3291 5894 5495 4592 4996 3191 
2606 4302 5101 3911 3623 6710 4002 4212 5212 2610 2710 5803 3814 4234 5113 4208 4430 5805 3829 5205 3437 3917 5510 2725 3935 4913 3921 4606 4806 4332 4917 4420 3836 3835 2717 1542 3841 2530 4720 6133 2955 4140 3353 4431 5231 3954 3847 3658 3851 4541 4546 3856 4751 4654 3854 5251 2552 2274 5147 2982 4256 4563 4159 4458 3955 4060 3656 4170 4370 5362 4677 4576 5082 2562 3979 3983 5281 2570 4887 4068 4384 3279 3987 3599 5790 5658 4700 4669 3277 4184 3779 4689 4682 4688 4192 4497 3290 4398 2595 4396 
3817 3803 4619 3422 2312 3805 5701 4311 6809 5412 3510 4501 5706 3209 4041 3327 5210 4713 5304 5328 3332 2434 5211 2117 3727 3537 4921 3231 4912 5122 4131 4136 3342 2757 5138 5119 3241 4717 4728 3152 3144 3252 5033 2847 3445 5132 5031 3659 4249 3554 4347 4644 4443 3752 4647 4652 7453 4459 3759 4549 4163 4260 4265 4366 4363 3758 4063 4059 1989 3395 4062 4165 4764 4264 3583 4000 4594 3198 3690 4267 2469 5465 4362 3778 2967 2286 4086 2679 5364 3994 3298 4395 3594 4365 3397 5692 6694 5688 5783 5787 
5724 5825 6206 3617 5820 4511 3512 4316 4101 4007 3713 4906 5305 3406 4214 3739 5226 4618 5413 4230 4412 4627 5718 3644 3034 3844 5732 4320 4817 3839 1416 4436 4724 6335 5734 4326 5634 2950 5933 6535 3247 2753 4924 4132 4656 4340 3346 5256 3456 3558 4057 4648 4948 6051 4851 4251 4651 4243 7348 2777 4856 4355 4266 4364 4470 4268 2272 3950 4661 4466 2371 4275 4695 4784 5679 5067 4100 5792 4979 4082 3065 5889 3678 2388 4697 2489 3977 5266 5798 4600 5698 5699 4093 3984 4190 5895 3493 5893 3391 4198 
4017 5401 2705 3909 2615 2110 5908 2821 3901 5112 3008 2308 5017 5504 3813 5610 4818 4040 4732 5614 4733 4524 3918 3631 5221 4428 3539 3328 5019 3333 5014 4137 3637 3242 4824 2727 3840 4640 5835 3148 5531 4735 5020 2253 2952 2943 3733 5750 3945 3952 3947 4538 3156 4446 3741 3657 4550 4853 3757 4356 4562 4254 4161 4157 4467 2473 4262 5264 2571 3655 3985 4966 4394 5075 5581 2762 5070 5268 4693 2869 4289 1488 3499 5584 5888 3982 5000 4699 3997 4197 3893 3971 5493 5496 3881 4074 5794 6287 3390 3091 
1906 3411 5103 5902 3605 6822 2617 4210 6202 5611 5905 4008 3313 2901 6524 4801 4211 4517 4024 4125 5117 3932 3636 3735 5324 5021 4026 3249 3832 4838 3743 5239 3833 4523 4416 5937 3232 4529 2929 3552 4336 5636 4636 5443 3140 4658 5057 4031 4859 4036 3151 4539 4349 7949 7847 4240 5151 4754 4058 3960 4450 4660 4567 4348 3755 4072 5778 4368 4096 4765 3568 5565 4999 5580 4566 3865 5081 5076 3392 4487 5579 4199 5681 6080 4090 4278 5473 5361 4095 5592 5898 4890 2988 4294 4070 5793 5298 6489 4067 3797 
3010 4701 3906 5301 4903 4704 5601 3802 3301 5711 5408 3311 3702 3712 3707 4335 3531 3509 3534 5513 3728 3138 4814 4118 4624 4110 4527 4637 4514 3331 4835 2750 4438 4829 4932 4916 6427 3532 6234 4439 5635 5338 4342 4434 5648 3350 5259 5654 4051 3050 4739 3649 3154 4154 4448 4755 6150 3953 4759 3761 5851 4248 4653 4665 3768 3964 4863 4452 4799 4461 4655 5464 5881 4664 4989 5274 4963 4868 4287 4571 2491 3579 4985 5489 5883 4493 4194 5078 5288 4088 5763 4897 4390 5697 5200 3480 3788 3970 5992 6198 
4920 4705 6306 6104 4401 4607 4601 5608 5402 5703 4910 3905 5204 4609 5022 5120 5521 6622 3621 4621 3725 5124 4832 4043 3444 4042 4813 4936 4629 5633 4225 4632 4931 5936 4231 4641 4437 6130 4425 5219 4638 5837 5836 5935 3338 6046 5452 4245 5551 4955 5453 4738 2852 4252 4147 3361 4148 4143 4153 3560 4257 4457 4353 4558 5953 4965 6463 4456 4554 5171 5670 5983 4186 4756 3874 4583 4276 4865 4787 4369 3070 3867 3366 5982 2899 4099 5490 4792 4585 6399 4481 6494 4880 4990 4995 5390 6091 4399 4793 3791 
5316 2602 4429 4605 4803 4807 4403 4909 4508 4707 4812 5311 5721 3427 4615 5722 5016 3936 3628 3506 4822 4532 5322 4820 5336 4213 2417 5331 5042 3527 4325 3439 2833 4633 3734 4222 3431 5534 6624 4643 5161 4734 4844 4244 5752 5055 4933 4050 3648 4540 5350 4442 4953 3943 7952 3561 3760 4343 3861 4861 4445 4551 4360 4471 4579 4280 5660 5664 4556 4862 5168 6566 3682 4191 5366 4279 4180 5167 4692 5299 5181 4489 2995 3600 3965 3792 4293 5996 6059 3698 4496 4195 4893 5389 5795 5491 4796 5694 5392 3895 
5303 5104 4604 5007 5924 5508 5414 4206 3503 4303 5906 4608 5312 4117 4915 5216 3208 3907 4432 5511 4037 3540 6031 5524 4321 4935 5129 4616 3336 4831 4221 4528 4235 3622 3838 3923 3027 5429 4937 5118 5430 5241 3746 4841 5436 4534 5155 5253 4951 4949 4940 5150 5250 4659 3863 5056 6760 5058 4858 3666 4947 5050 5655 4864 5180 5477 5672 5270 4492 5071 4762 3482 6666 5368 4969 2978 4586 3261 2657 5065 5176 2768 4475 3080 4781 5569 4991 5377 5085 4388 6397 5089 4797 3685 5593 6184 5198 5590 5294 6493 
5002 5127 2902 3609 5102 4919 5509 5702 2906 5603 4712 5108 3210 5522 6314 3404 4522 3629 5023 3345 6026 5517 5323 5232 2620 3632 3535 5027 4518 4731 3319 4220 5830 4022 3430 4133 5037 4531 4837 5228 5039 6520 4146 4545 4845 5139 4344 4852 4939 4049 4047 4237 4138 3946 4351 4954 8057 4748 4547 6460 4950 4378 4171 4667 3975 6053 3475 4768 3574 4881 5779 2672 4078 5866 4872 4875 5073 4292 4291 2558 3569 4277 4272 5287 4694 5785 5482 4987 4884 5095 4478 6899 5500 4898 5087 3892 4696 6495 6592 6295 
6008 5003 4626 4032 3930 4305 5704 6302 4810 4105 3603 6412 5512 6015 5705 3612 5110 3823 4313 5419 5422 2820 7121 4825 4611 4421 4639 3424 5125 3428 5728 6320 4941 4226 5236 5135 4217 4737 5061 5340 5537 5442 4346 5434 4746 5040 5230 5541 4044 4542 4741 5152 5874 6961 5054 6861 5872 5269 5358 6361 3777 5568 6167 6372 4678 5374 6962 5153 6065 4382 4173 6469 5767 5365 4075 5379 3379 4371 4681 4593 4788 4977 5676 5480 6077 5485 4591 4889 6699 4690 5393 6995 6288 5963 5689 6299 5099 5486 5186 5498 
4506 3303 3202 5206 5801 4107 3633 6408 6110 6011 2801 4004 5313 7013 3312 6913 5812 4622 4613 5620 4630 5030 4018 5024 4424 4319 4027 4029 4418 5425 5932 4023 5632 3324 3217 5337 5831 4942 5141 5238 5342 5736 4246 3548 5131 4046 5432 3748 5249 4139 7161 6069 5948 3944 4957 7163 5855 6049 5255 6060 5959 5051 4077 4176 4455 7060 6175 5165 5166 6856 5162 5262 4073 6565 5177 6560 4981 3976 3283 4079 6473 4389 5386 6388 5187 6498 6189 5488 4891 5086 5290 4790 7194 5094 5589 3082 5080 5791 5382 4998 
4725 5901 3403 3101 3006 3903 5201 5005 5605 6403 6708 6303 5416 2707 4128 5609 7012 5928 4409 7412 3243 4839 5128 5319 5321 5026 4927 5222 4840 5426 4721 6128 6227 6618 5136 6525 6521 5237 5041 5223 4454 5047 4848 4649 4747 5143 3939 4645 6035 3344 4241 5351 5461 5354 6157 7254 5367 6355 5566 5561 5861 5955 5771 6458 5062 5265 5555 5756 3172 6272 5558 5764 6770 4770 5957 4974 6868 4169 5398 3978 3584 4182 4994 4691 3168 3386 6191 6894 2797 4976 3285 7193 5691 4377 5088 5092 4997 5199 5599 5588 
5502 6117 3203 2502 2605 5904 6702 5606 4610 6316 4509 6908 7112 5307 6813 4521 6024 6121 4419 7025 5326 4317 6022 5423 4327 5949 4722 5018 4229 5029 5333 6717 4422 5233 5629 5437 5921 5823 5146 4646 4444 5539 5360 4946 5536 3845 5043 3942 5445 5349 5848 7059 5971 4761 5965 5149 5557 5651 5553 5560 6259 4282 4553 4675 7070 5974 4373 5063 5157 5468 5765 5484 6058 7583 5163 5880 5064 4564 4177 2868 5285 2882 3565 3868 5886 2888 5385 4083 5276 2970 5189 4469 4883 4992 5399 3181 5380 6290 6588 6193 
6102 4525 5903 5503 6101 6313 5709 6418 3003 5802 4620 7110 6610 5717 6115 4628 4324 5919 4723 6321 5518 4537 4922 5624 4435 3929 4740 3827 6134 5930 6126 3526 3625 3229 6529 6729 6425 5745 6027 6724 5148 5345 4779 4944 4676 5533 4843 5179 5547 5578 6170 4441 6551 4952 5277 5661 5258 5074 4879 8152 5273 6159 5858 5954 6158 5156 5967 5856 6368 5457 5252 4485 5667 3980 7481 4866 6064 5472 2871 4379 5970 5182 3374 5966 3074 3173 5195 5388 4569 4578 5864 5192 5685 2583 4580 5700 6393 6090 6789 6589 
4129 6106 6003 6105 6502 3926 5418 6612 3922 7212 4703 4614 6607 7414 5514 3519 5315 6322 3920 7712 5613 6223 5523 3928 4923 5849 7134 3925 6043 6416 5626 6429 6329 6228 4130 6029 5731 4642 4451 5431 4745 5048 5154 4144 5243 4847 6538 4962 4742 6073 5550 5753 6756 5773 5760 6758 5956 5755 5459 7754 5951 4482 4380 5757 6472 7263 6763 6948 6364 6554 6161 3580 6678 6081 6057 5476 6174 5587 5877 6774 6374 6669 4179 4980 5079 4982 5289 4789 4680 5789 5077 5391 5286 5190 4483 5998 6590 4488 5690 6491 
5404 5715 6207 6007 6711 6705 5607 6201 4124 6210 7314 5907 7823 7313 6513 2719 5720 5208 5923 7312 7124 6619 4730 7529 7729 6733 5946 4519 4718 6032 5925 6325 4028 2931 6821 5224 4846 6819 5227 4855 5740 4774 4750 5735 5240 3843 5353 6038 5766 4961 6235 5961 5952 6958 5458 5857 7155 5355 5454 5958 6258 6055 6464 5172 5875 6951 5769 4964 5571 5871 6358 4480 7276 6863 5686 6068 4081 5164 5378 6487 3069 6671 3671 4973 4076 5990 6177 3873 4479 6192 5693 5891 5600 4775 6691 6100 5279 5680 5800 6390 
4328 5910 6402 5815 6014 6818 6701 5911 5811 6013 6715 6208 2425 5814 6119 4127 4318 5817 4121 5424 5616 7227 7026 7321 7125 6226 5220 5213 5926 5627 5827 7111 4930 6415 6224 6129 6229 5469 6636 6934 7226 5644 5072 5447 5548 5244 5142 5749 6138 6140 5850 5381 6061 6260 5853 4958 5859 8144 6054 5257 5175 6855 6261 6369 6256 5960 5652 5870 5666 3879 7049 6074 6850 4473 6782 7076 3981 6370 6481 6176 6086 4376 3275 6981 5977 3878 5284 6395 7385 6492 5695 5887 5890 2980 6093 5799 6180 5900 5991 5383 
5716 6310 6307 7109 7607 5920 6004 7708 6802 5008 6113 5810 5318 5623 4727 2923 3014 6019 5824 5618 7020 6124 3716 6919 7421 7627 5922 5650 6028 6127 6516 6222 7209 7308 5867 6726 7007 5751 5628 7333 5446 7431 7428 7928 5639 5840 5060 4141 5950 6236 5049 4752 4849 5962 7944 4960 5656 5554 5562 5556 5271 4270 4476 4679 4570 3872 4968 5466 6171 7176 5868 6353 3683 3573 6667 3886 6688 6576 6382 4773 5988 6085 6271 5978 5979 5981 5687 3973 6072 3770 4069 5497 5598 5499 6795 5879 5479 6693 6095 5376 
7214 6108 6103 6409 7809 6406 6118 3831 6803 7606 7310 6511 8122 6604 7805 6508 6123 5909 6523 6915 7604 6324 6410 6720 6631 6826 5215 5931 6424 6219 6122 7106 6531 6944 5638 5754 5637 5346 5449 4753 7728 5748 5744 6346 5646 6041 5044 5846 4543 4544 4650 5964 6843 7340 5665 7152 4780 5563 5758 5852 5159 7553 4167 4673 6265 4972 5762 5263 6448 6351 6660 5586 4684 6569 6880 6578 6082 6786 6078 4472 6882 5780 6586 6987 6387 6587 6883 6376 6172 6293 5884 7095 4870 5989 6396 5984 6796 6993 6890 5797 
5813 7405 5710 5507 6914 5913 7005 6109 6220 5410 6020 6510 5809 8126 5622 5619 5320 4719 5723 8824 5621 7023 6323 7425 6245 6444 6125 6836 6629 6527 6423 7347 5428 5028 6062 6434 7750 7244 5934 5441 5643 5942 6343 6045 5341 4744 5947 6348 5845 5046 4749 5863 5052 5247 7848 7539 7145 5570 7652 5356 5357 7457 5976 6266 6275 5272 6572 6264 6274 6980 6371 3577 6767 7378 6277 6373 6276 6884 6280 6485 6486 5572 6479 7175 2893 4391 6490 4892 6094 7087 6071 6591 7086 3286 6893 5882 5995 6298 5481 5677 
5506 7113 5306 4306 5712 6517 6204 6512 6506 6518 4819 7220 3127 6112 4423 7623 7612 6114 7224 9123 6823 8419 7804 9022 7031 6933 7924 6625 6426 5739 5945 5829 7939 5630 5530 6637 4842 4945 6063 5631 7132 6042 5941 6345 5742 5245 5847 6545 7047 5545 7344 6450 6764 7648 6556 8243 6966 7646 6363 7447 7643 5574 5467 6854 4575 7356 6852 5975 6268 6470 7056 6675 6985 6168 5869 7579 6079 7384 6790 6788 6674 6380 5478 6783 4983 5782 4895 3668 3670 5892 3769 6895 4791 6496 6792 6994 6891 6698 6400 6990 
6213 5604 8913 5807 7513 5804 6616 6817 7818 6411 7123 5126 4417 5915 6107 4827 7910 6514 6716 5532 5821 7519 6928 6507 5335 7407 7231 5645 5439 5647 6330 5730 7832 6141 5344 6540 6432 5542 6642 5438 6247 5843 5440 6942 5538 6447 5747 5462 7449 6250 7143 7269 7543 7055 5261 5460 5862 6056 6267 7046 6935 8147 5854 6753 6955 5474 5470 5669 6878 6873 6166 6769 6557 7073 6570 6173 7274 6585 6478 6377 7687 6381 6986 5576 7281 6284 2782 5885 2586 6292 7198 5093 6595 4687 6196 4386 7090 6300 6988 4285 
4603 6611 6505 6504 6806 8405 6221 7518 6010 6319 5308 7409 5806 7504 6722 7503 6317 6807 5519 6721 7015 6608 6519 7404 6927 8022 8421 6709 6829 6413 6831 5944 5640 5729 6731 6136 5838 5828 5641 6742 5841 6144 6040 7148 6445 5144 4743 5348 6048 7656 5564 5359 6273 6269 5657 6162 6673 7546 7361 7351 6365 7654 7352 5372 7756 6466 6067 5878 7373 6979 6869 5968 8684 6474 5567 5178 7080 7079 7377 7279 5170 6179 6583 3687 6075 2683 6577 6471 6787 6289 5997 6391 6593 7899 5283 7189 7191 6394 6794 6600 
5310 6620 7803 8511 4202 7509 6613 6421 7206 6404 6305 6309 4826 6621 7510 7021 6509 6211 7806 7808 7326 5917 7406 5433 6526 6417 8133 5649 7937 5834 5743 5450 7532 6532 6635 6732 5663 6341 5242 5444 5940 7057 5145 6244 6350 6838 6937 7948 5260 6255 7841 6662 6251 7264 5352 7359 5559 5865 7050 7346 6563 7064 5375 5068 6367 5668 6379 5373 6872 6875 6178 4984 5673 5972 7777 6881 6973 6777 7075 5278 5370 4873 7178 5777 4582 2885 6475 6398 7381 6689 6190 6392 6199 6793 4685 7088 7898 7799 6499 6297 
6601 5207 4503 7114 5916 8408 7613 6609 5707 0 6815 6606 6712 7724 5325 6824 6623 6212 7208 6615 5832 7033 9824 9223 6929 7706 8025 7443 7932 6830 5543 5549 5435 6735 6233 7633 6334 6239 6036 5741 5642 6344 6844 6542 4943 6249 9341 7857 6169 7149 6449 7845 5552 6860 7362 6451 5069 7241 5761 6467 6455 6562 5369 7063 6665 6759 6957 6468 6278 7980 5873 6574 7271 8381 6977 4882 7487 6778 7173 4671 6181 3284 4896 6780 3079 6279 6389 6188 6999 6690 6791 7298 6594 6598 6197 7195 6799 7397 7392 6888 
7316 6414 7512 7205 5420 6006 6902 6706 7710 8003 6205 7508 6407 6816 6018 7502 6218 6810 6916 6719 6034 6522 6713 6436 5615 6039 6312 9425 6230 7736 8351 6437 5733 6639 7734 5343 5625 6148 6634 7555 5339 6643 5140 7345 5540 6044 6142 6257 6849 5544 6262 7946 6653 5160 6858 7139 4971 6155 5158 7159 6453 7466 5174 6765 6657 7270 6766 7764 7259 7877 8579 5775 5774 6876 7782 5682 8561 6776 6579 7174 6571 6672 6088 6975 4886 7284 7285 6687 6482 5796 6096 6692 6597 7295 6500 7398 6097 7291 6099 6900 
4902 7411 6215 5309 5501 7704 7207 7514 7812 7913 5819 8113 8711 6728 7228 7030 7322 7911 6420 8116 6922 8121 7716 7229 7319 9622 8129 6435 6814 6431 6033 7441 8648 7732 6730 5929 5833 5526 6243 6143 8518 6547 6352 7024 6149 7029 5347 5246 6165 7349 5455 7233 6664 5653 6559 5456 6859 5254 6456 7165 7262 7238 6359 7268 7657 6960 7357 7878 6771 6076 6164 8079 5384 6661 7784 8477 7078 8181 8666 6375 7379 7371 5396 6684 6187 6779 6582 6686 7082 6282 5596 7395 6200 6098 5097 6896 7993 7587 6700 6998 
5302 8811 7305 7807 7009 7004 7105 6905 7302 6422 8411 6002 5520 5918 7920 7011 7118 6918 7017 7836 8115 6318 7328 6725 7438 7534 7637 8127 7130 8347 6812 5726 6337 6050 7339 6047 5427 6037 5826 7446 7245 6839 8058 8717 6452 9847 6825 6357 7128 6253 6146 5053 7045 6752 7158 7744 6864 7536 6658 6959 4766 4763 7869 7171 7372 7860 7255 7074 7471 7576 6972 8384 7275 7383 5084 6477 7181 7068 6677 6978 5297 5980 8281 6283 6670 8388 6296 6000 5999 7400 6685 7287 6784 7094 5395 6797 7489 6695 7791 7100 
7603 5218 5407 8109 7608 7304 5612 7016 5116 6120 8101 6909 6912 7609 6005 7722 7331 6419 7828 6920 7122 7327 7219 8517 6326 6614 8340 6832 7914 6617 8650 5330 7234 7135 6528 6949 5927 7751 7338 6145 7343 7548 6342 6438 6549 5451 5448 7960 6747 6659 7253 6851 6459 6066 8641 7052 4769 5860 6956 5363 7947 8250 5768 8170 6969 7767 6761 7861 7273 8184 7363 7779 8179 9080 8279 9081 7978 8564 6879 8766 5987 7083 7989 6194 6676 6378 7187 8099 7884 5897 7179 7394 7895 6195 7793 7597 6599 7098 7000 7591 
7006 6906 5516 7309 7505 6901 7909 5013 6704 7108 6001 6911 4116 8712 7424 4617 7817 6214 7929 7824 6116 7516 7741 8033 6921 6925 7324 6827 7037 7330 7019 9049 7136 6739 6328 6954 6430 8120 5842 6347 6241 8442 6750 9636 9750 8162 6457 8743 7740 6254 6568 6360 8134 8247 8075 8455 8361 7871 5463 7759 7247 7062 8070 8248 7465 7982 6867 7169 8082 7775 8186 8363 8187 6480 8676 8074 7675 5475 7672 7772 6281 7283 5985 8284 6885 6294 7085 6386 7797 7183 7190 7093 6497 7490 7890 8496 8196 8096 6997 7293 
7201 7008 6707 7802 7813 7501 7211 7202 7306 7410 9014 7213 6833 7215 7217 4415 7018 7816 5816 8322 8423 6845 7242 7418 8417 7137 7520 6930 7022 6736 8124 8731 7120 7141 6242 8551 9444 6333 6023 6923 7545 6741 6963 7651 9344 8640 8847 7953 5727 6654 7138 8744 6567 6965 6153 7071 7931 8476 8958 7472 7936 5770 7066 7369 6656 7679 7170 7582 8080 8276 7680 5788 8862 8960 8163 8475 8872 7865 7375 6877 7184 6084 8483 7166 8083 6476 7584 7800 7282 7596 7192 7691 7689 7795 7199 6983 6798 7280 6596 7096 
8310 8013 7506 6714 8007 6501 6907 6801 6917 8611 6012 7610 6301 6315 7010 7626 4218 7916 7820 7629 8426 7521 6017 7423 7318 5737 6231 7320 7129 6537 8360 6718 6238 6834 6232 8451 6137 6534 8447 7943 6440 7240 8440 8538 6441 6248 7955 7337 8245 6853 6970 6668 5659 7243 5759 6862 6263 7567 5267 6762 7674 7370 7058 7265 5969 7985 8285 7461 8373 8090 7864 7991 8682 7386 8779 8078 7572 8875 7872 7873 8870 6976 5675 5577 7571 7885 7089 7164 7288 7987 6291 7790 7693 7084 6697 8198 8393 7500 8594 7399 
7104 7903 6910 7416 7307 6203 6804 7218 7713 8205 9715 7222 8515 7630 7822 9416 8216 7315 7413 7616 7417 7225 7927 9526 9025 7342 9122 7544 6932 7430 5133 7533 7531 7435 8852 8535 7444 9136 7850 6550 6446 6649 8140 6147 9026 6544 5746 6746 9144 7249 8035 7043 6454 7354 7839 6366 8043 7973 7067 8059 8368 7660 6768 7160 8049 8148 7970 7570 8454 8352 7868 7685 6092 7479 7788 7875 7976 7889 7683 7069 8182 7272 5994 6185 8389 8487 8200 7286 7999 6285 7997 6898 7099 6800 7494 7480 7595 6696 8097 7600 
7901 7102 7001 7402 7714 7705 8614 8006 7602 7810 6805 7403 6703 7730 7527 7814 7618 9625 7615 7619 8130 7617 7918 7317 8637 7923 7325 5939 8321 7628 7028 7437 7119 7838 7144 8654 6331 7550 6950 6650 7027 8149 7854 9941 6926 9145 8063 7251 7252 6751 7634 8252 8048 6840 7957 7456 8256 8952 6465 8466 6866 6362 7565 7663 7478 8155 7053 7367 6871 6087 7580 7581 7483 6484 8378 7577 8576 7681 7475 7168 6183 5973 7368 8387 7277 5776 7586 7671 7986 7789 7492 6984 7292 7393 8296 7780 7296 7081 6897 7499 
6904 6311 6903 7221 8206 7204 6808 9815 8406 8619 7216 8211 6811 9215 7210 8223 7622 9925 7717 7332 8829 7827 8214 7142 7323 8616 9325 7528 5134 8661 8041 8443 5738 7834 9844 8633 8029 5938 6648 7150 7051 6652 9252 6952 8350 7353 8244 6645 8145 7941 6655 7758 6749 7442 9347 8342 8838 7559 6663 8568 8066 7462 7374 7665 7250 7670 8277 7569 7668 6186 6089 7664 6182 7177 8880 7688 7684 7678 7981 8089 8067 7476 7965 6488 5772 7185 7787 6886 8199 6286 7488 7988 8088 7200 7300 7883 7589 7486 7097 8492 
8108 9410 9218 7401 6216 7003 8301 6503 7103 8107 8002 7907 5818 6016 9216 7718 9219 7933 7719 7522 7126 8928 8431 8324 7921 8136 6533 8034 6428 8728 7919 8257 6433 8736 8228 8349 6131 6135 6931 6924 8444 7858 9257 6828 7851 8644 6132 9245 8848 7341 8050 7147 8240 7641 6152 8439 7755 7766 8062 7469 7763 8369 7771 8767 7768 8577 8073 7867 7568 7573 7966 7388 7387 7289 7979 7882 7077 7180 7783 7575 7376 8091 7879 6887 7983 7886 8084 6681 8098 6982 7990 8189 7594 8087 8490 7485 8596 7197 9299 6996 
8106 7101 7203 7419 6603 6605 6515 6401 6405 8813 8201 8910 5914 9419 9723 9337 8014 9331 9621 8111 6628 7034 7917 7223 8239 8642 7133 7743 8537 9042 6633 6837 6336 8437 8725 5839 6848 8532 7230 7439 8254 7153 9445 6225 7156 6349 8835 8141 8746 6252 7540 8947 8745 6553 7658 7432 6246 7558 8065 8467 7765 7863 8769 8474 7760 7774 7769 7172 7182 8573 6385 7477 7278 6772 7482 7677 8981 7574 8072 6781 7682 7866 8379 8183 6584 7887 7186 6483 8399 7389 7382 7893 8790 7792 8493 8489 8298 8294 9300 8494 
7601 8009 7303 8103 9021 8520 8816 9017 5317 6304 8522 9519 8314 7715 9901 7915 7614 9637 9235 7819 8016 8212 8436 9527 7044 8422 7650 6723 6139 8429 7950 7720 8729 7329 6339 8229 7935 8521 8341 6846 9942 7358 8757 7645 9842 6647 7653 7640 8044 9852 9146 7035 7266 6651 7655 6558 7065 6968 6630 7562 7649 7154 7963 7972 7464 7151 7473 8069 9455 8077 8762 6680 8260 8287 7975 8879 8261 7474 7778 6083 8165 6679 6889 6682 7588 7690 7686 6785 7590 7294 6892 7992 7496 8095 8289 8893 8500 9399 7897 7900 
9208 7925 9910 7116 9015 9306 6217 8008 8125 8306 8512 8414 8516 6111 8242 7912 8834 8018 8536 7821 8427 7235 8218 7723 8622 8020 6237 8123 8231 9041 8432 7727 8325 8526 6632 5844 8524 8652 6842 6727 7429 8617 6546 7451 8935 6442 7753 9247 6734 7450 8849 6030 6561 7647 7541 7261 7127 7642 8262 7463 7440 8168 8765 7054 7870 7350 7248 8364 6874 8372 6870 7557 7669 7770 6971 8377 7458 8280 7977 8970 7881 6992 8288 6989 7786 8188 7290 7888 6581 8197 8890 8799 8693 8094 8491 8092 7996 9297 8000 9200 
6602 8210 8807 7115 7311 8608 9604 8221 5515 8110 8001 9618 8615 7702 9334 9818 9615 8424 9037 7420 9428 8425 9736 8219 8028 6820 8329 7547 7041 6539 6340 7523 8251 8328 7524 8623 9456 9237 7738 7459 6543 6755 9057 9828 8138 9952 8435 9836 6338 5527 8448 8546 8453 8354 8235 6640 7538 7969 7365 8563 8047 8268 8569 7564 8565 8339 7355 9854 7762 8357 8482 7566 7366 6580 8160 7091 8969 7781 6383 7776 8167 8583 8283 7585 8086 7484 6991 7380 7891 7491 7188 8699 8295 8892 9294 8695 9795 9696 8100 8299 
9407 7107 8915 7906 9104 7620 7002 8208 8209 7624 8917 9601 9701 8625 8316 8827 8740 9229 8714 9405 8433 9741 7422 8226 6626 8309 6327 6835 7517 6439 8839 7721 7146 8627 7334 5943 6646 7237 8224 8434 9060 6754 7639 8042 8845 6536 7731 8460 6627 9731 8258 8027 7844 6946 7445 7364 8040 8164 8151 6865 8054 7239 7470 7662 8264 7468 7667 6964 8359 9259 8282 8273 8380 7856 8983 7874 6683 8567 8771 8881 8972 9170 7880 8484 8085 7676 8587 6384 7699 8696 7592 8497 9394 9197 8791 9496 8293 8700 8292 8300 
8907 8618 8302 8305 8313 8023 8307 8308 9118 8607 7746 9402 7525 9806 8114 9619 9813 9902 9525 7526 8727 9409 9628 7635 8428 8319 7535 8912 7833 7039 8333 9230 8343 7530 9143 8738 6541 8032 6744 9443 7632 8749 8154 9141 9035 8161 8036 8658 7131 6641 6940 7859 8249 8653 6530 8528 7554 7745 7659 7959 8370 7956 8566 9246 7460 8465 7673 8166 6967 8982 8560 7563 9363 8584 8885 7072 8274 8365 8275 8267 8675 9075 8582 7390 8286 7391 7984 7785 8486 8290 8898 9190 7700 8697 8190 8392 8195 8598 9694 8900 
8401 8504 7408 8502 9812 9304 9720 9509 8409 8410 9008 8412 9101 8012 7625 8234 8416 9133 7840 9031 8132 9933 7811 7825 9938 9112 8737 6738 9631 7426 8741 7335 8931 8056 7232 9338 8346 8840 8639 8345 8238 8344 6332 9934 8457 8923 6240 8355 8450 8649 9249 8158 9062 8655 8753 7434 7433 7962 7542 8624 8366 7360 8562 8645 7942 8548 8131 7773 8367 8764 8471 6573 8485 6974 6773 8784 8180 7257 8777 8478 7578 8375 8783 8385 8185 8383 8589 7092 8398 7892 7798 7593 8395 7692 7497 8994 8592 8800 8692 8499 
8704 8315 7605 8919 9406 8905 9005 8804 8509 9420 9508 9922 9822 8407 8213 9606 7749 8814 9312 9831 7938 8312 8735 9634 7742 8539 7117 7537 8830 7236 8523 7038 9538 8311 9036 9647 9043 8021 6748 8046 9944 7739 8815 9447 8944 6857 7747 9056 9729 8052 9343 7551 8353 9142 8456 8557 7452 6737 8462 8554 7862 8865 8461 7167 7831 8227 7967 9054 8064 7968 9261 7666 6575 8159 7757 8578 8680 7974 8677 8575 8376 8178 8873 8585 8985 8390 8488 8591 8386 8588 7599 7696 8396 8291 8688 8691 8993 8798 8899 9595 
8601 8010 7611 8604 7515 8606 9617 9620 9108 9521 9724 8011 8514 7703 9418 7826 9804 9119 8610 8626 8925 7830 7638 7908 9935 7036 9537 8643 7427 7733 9735 9751 6941 8137 6947 9846 9740 6443 8722 9936 9023 7934 9354 7436 6154 9946 9441 9841 8651 7556 8553 8755 9268 8951 8458 9231 7954 6757 9547 8171 8662 7260 7961 8174 7467 8570 7157 8172 9662 9564 8176 8782 8278 9879 8673 6775 8469 8778 8269 8266 8681 9079 8382 8786 9174 8884 8687 7493 9179 7896 9580 8297 7995 8694 8793 8394 7498 8894 8400 9494 
8701 7711 9109 9018 8705 9607 9205 9703 9001 8806 9602 9502 9704 9426 9128 7448 8317 9702 9111 9417 8217 8742 8119 9241 8841 8542 8519 8529 8438 9837 8320 9433 8135 9256 8024 6548 7735 7336 7256 8326 8039 9339 6552 8061 9549 9429 9958 8253 9840 7752 8946 8533 9370 8241 9061 8055 7846 7246 7843 8961 7958 9463 6938 8527 8859 7267 8965 8571 9860 8574 8263 8772 9982 9064 9983 8580 8869 9984 8068 8479 7876 8774 8464 9172 8586 8686 9276 9578 8789 8397 8794 9586 8590 9380 7299 7698 9280 8995 8796 8996 
8102 7701 9116 9711 8204 9605 8817 8808 9007 8708 9403 9424 9911 7905 7549 9802 9522 9302 8430 8323 9708 8038 8530 9725 8031 7636 9530 8146 8233 9633 9630 9834 9651 8630 9949 9020 8941 9948 8543 8415 9953 8142 8549 6356 9244 8139 9157 9342 8954 9148 9153 7552 9764 8853 8331 9552 8856 9262 6939 8760 7661 8668 9165 8225 9164 8665 8964 8175 8265 9976 8480 8271 8572 8173 9881 8679 8270 8678 8672 9373 8663 8878 9584 8971 9778 8785 7796 8888 7297 7396 7894 9093 8689 8988 9092 9198 8498 8599 8600 9391 
9514 7902 8506 7415 9710 8303 8620 9401 8908 9912 9422 8901 9504 9220 8821 8916 8418 7930 9421 9016 8921 8222 8635 7726 8334 8739 7631 9314 8709 8634 8037 9439 9243 8724 9857 9437 8846 9242 8939 7725 8943 9228 9839 9539 6156 9734 6354 9961 8544 9349 8953 9767 9251 9353 7849 7032 9355 6841 7455 7162 7048 8957 7042 8864 9065 9468 8868 9957 9658 9657 8664 8775 9774 9577 8861 8780 8362 8374 8975 9884 9270 9790 8685 9978 9587 7794 9679 9574 9572 7196 9671 8997 9784 9193 8792 8795 9097 9095 8797 8991 
9712 9201 8508 9120 9810 9102 9803 9614 9823 9820 9310 9624 9921 9610 9322 9821 8005 8812 8019 7922 9227 9819 8332 9533 8513 8629 8555 8117 8926 9029 8930 9039 9531 9438 9147 9451 9937 9954 9352 9239 7835 8732 9950 7258 9646 9156 9449 9664 8851 9554 8348 8750 8045 9152 7644 7842 6745 9258 8671 7964 6936 9465 9163 9151 9872 9464 9772 9068 9562 9071 8670 9478 9972 9277 9979 8978 8980 8169 9681 9169 8976 8990 9282 9177 9382 8683 9576 9487 9379 9777 7598 7697 9377 8987 7495 9182 9100 8999 9000 8992 
9512 9105 8621 9721 9107 8707 9002 9303 9506 8505 9920 8803 9411 9827 8413 8017 9732 8203 8143 8510 9217 8716 9826 9845 9010 9529 9832 8950 7926 9131 8327 7621 9040 8550 9638 8358 8833 7855 9850 9330 8844 8734 9139 9755 9635 9559 9546 9348 8452 8843 8842 8656 8660 9264 9072 6163 8854 9655 6847 7061 8860 9358 9150 9063 9266 9865 9166 9781 8468 9272 8060 8977 9173 8674 9973 8882 9376 8781 8581 9180 8989 9076 9692 9888 9077 9176 9676 8887 9687 9492 9477 9293 8896 7695 9099 9786 9296 9285 8998 9098 
9204 8723 8507 9006 9907 8710 9728 9019 8703 9629 9113 9321 9829 8612 9313 9212 9913 9718 8911 9923 9327 9222 9817 9307 9535 8828 8733 9027 9224 8026 9542 9714 9640 9234 8945 9232 9551 9653 9336 9138 8836 9350 9758 9435 9137 9240 6943 9648 9154 6160 9372 8053 7945 9649 8754 9248 9047 9458 9459 9853 9161 8669 9471 9050 9267 9561 9672 9861 9962 9473 7971 9965 8979 9870 9374 9275 8371 8886 9178 9089 9475 9878 9686 9683 9082 9481 9583 8093 9189 9678 8788 9591 9192 9196 9298 9194 9585 8895 8698 9199 
8818 9908 9915 9926 7511 9719 8402 8609 8706 9211 9311 9916 9225 8702 8902 8805 9427 9318 9127 9013 9132 9207 8822 9833 9206 9430 8525 9329 9930 9943 7507 9641 9919 9333 9947 9032 6743 9335 8832 9238 6644 8547 8337 6740 8237 9357 9555 9460 9864 9747 9869 6945 8850 8857 8330 9759 9155 9756 9558 7829 9466 8230 8540 8968 9963 9980 9866 9573 9659 9556 9371 9665 9474 8470 9968 9873 9278 8883 8481 8984 9381 9083 9393 9785 8889 7994 9677 8593 8690 9292 8597 9590 7694 9792 9281 9096 8495 9397 9398 9400 
9510 9905 9503 8819 9103 9404 9121 9408 9004 9320 9011 8112 9413 9414 8118 9904 9623 9523 9117 9717 9849 8933 9233 9517 9917 8441 8545 9612 7707 8541 8338 9432 9044 9654 9034 9843 9643 9453 8647 9754 9046 9543 9434 9743 8942 9560 9140 8938 8963 8948 9356 8752 9955 8556 8356 8756 7454 9956 9360 8962 9070 8759 9563 9361 9467 9768 9565 9448 9378 9862 9479 9175 9685 9783 9770 8081 8076 9779 9386 8986 9291 9483 9493 9283 9279 9674 9485 9489 9490 7998 9992 8191 9594 9395 9184 9491 9286 9091 9498 9499 
8922 8603 7014 8904 7709 8719 8404 9305 9505 8914 8809 8318 9513 7815 9825 8613 8720 9431 9213 8823 9814 9848 9149 9009 9626 9308 9003 8825 8531 9709 8949 9130 8751 9135 9541 9316 8459 9340 9052 9030 8934 9461 9158 6638 8747 9053 9652 9059 8336 9055 9051 9858 8030 7748 9450 9066 9364 9760 9856 9469 7560 9162 9171 8246 8446 9472 8871 9553 9569 9567 8874 9675 9766 9773 9667 9575 9074 9581 9284 9579 9084 9482 9088 9388 8787 9288 9384 9187 9975 9886 9476 9593 8595 8193 9392 8391 8897 9598 9798 9698 
9807 8605 8004 9324 9415 8929 9713 8715 8802 9319 9611 8503 9613 9931 9518 8215 9125 9534 8937 8820 8713 9914 9346 8636 9210 9707 8726 9203 8936 9940 9129 8730 8927 8924 9738 9835 9859 8646 8831 9540 9250 8559 7837 8955 7140 9757 8761 8748 9058 9345 7951 9254 9753 8758 9663 8449 8659 9656 8463 9362 8156 9369 9762 9660 8770 9073 9274 8773 9668 8876 9867 9669 9375 8272 9682 9673 8071 8473 9181 9987 9693 9697 9287 9684 9085 9389 9876 9885 9892 9592 9890 8194 9385 8891 9094 9486 9596 9799 9500 9600 
9301 9126 9608 8403 8105 9906 8501 9727 8304 9516 9616 8015 9115 8602 9603 9716 8920 9515 9927 9524 9929 9722 9114 9442 9309 9423 9326 9226 7301 8631 7904 7940 9742 9811 9644 9454 9748 9045 9253 9550 8632 9642 9452 9744 8932 9067 7737 9746 7040 8855 9752 9548 8157 9863 8966 9661 8255 8051 8150 7853 9167 9168 9666 8445 9366 9877 9263 9775 8974 9078 9771 9582 9883 9387 9688 8472 8776 9670 9793 9295 9087 9495 9183 9185 9290 9186 9887 9188 9390 8192 9690 9791 9588 9794 9796 9898 9897 9599 9699 9900 
8207 9830 9816 8628 8202 9024 8721 9903 9808 9412 8801 9801 9317 9221 9705 8918 9110 9124 9209 9328 9545 9645 9028 9511 9323 9106 8638 7801 8236 9632 8903 9507 9609 8826 9838 9351 9851 9761 9951 9048 9544 9749 8657 9033 9160 9359 9265 8863 9255 9038 9236 9557 9650 8959 7852 8866 8867 8967 9269 9960 9271 7561 9568 9368 9765 9874 8973 9868 9763 9970 9480 9273 9566 8177 9776 9875 9769 9484 9991 9780 9986 9497 9383 9990 9988 9889 9689 9789 9787 9589 9289 9891 9488 9894 9895 9797 9996 9997 9998 9999 
9501 9202 9706 8104 8420 9809 9214 8220 9909 9805 9532 9733 9726 8909 8718 9528 8810 9918 8906 9627 9520 9739 9446 9924 9012 9730 8534 9928 8128 9536 8335 9932 9639 8232 9315 9737 9436 9939 8956 8558 9745 9332 8259 9945 8837 9440 8940 9134 9159 8858 9367 9365 9855 9457 8552 8667 8763 9959 9260 8153 9462 7761 8768 9964 9069 9966 9967 8877 9969 9971 9871 9571 9570 9974 9782 9977 9470 9893 9086 9880 9981 9680 9882 9989 9985 9597 9396 9195 9788 9191 9090 9691 9993 9994 9995 9695 9896 9700 9800 9899